tensor_a[0][0][0] = 0.00222018
tensor_a[0][0][1] = 0.239019
tensor_a[0][0][2] = 1.21909
tensor_a[0][1][0] = 0.390967
tensor_a[0][1][1] = 1.10211
tensor_a[0][1][2] = 0.2027
tensor_a[0][2][0] = 1.38355
tensor_a[0][2][1] = 20.2872
tensor_a[0][2][2] = 0.250796
tensor_a[1][0][0] = 0.887969
tensor_a[1][0][1] = 2.21795
tensor_a[1][0][2] = 25.5033
tensor_a[1][1][0] = 0.0235826
tensor_a[1][1][1] = 0.930808
tensor_a[1][1][2] = 0.991103
tensor_a[1][2][0] = 0.250713
tensor_a[1][2][1] = 1.2802
tensor_a[1][2][2] = 0.093863
tensor_a[2][0][0] = 0.975969
tensor_a[2][0][1] = 1.72175
tensor_a[2][0][2] = 1.20545
tensor_a[2][1][0] = 1.0326
tensor_a[2][1][1] = 3.78924
tensor_a[2][1][2] = 1.96356
tensor_a[2][2][0] = 4.11372
tensor_a[2][2][1] = 0.924143
tensor_a[2][2][2] = 0.9971

